image: map_corridor.pgm
resolution: 0.025000
origin: [-20.492502, -20.492502, 0.000000]
negate: 0
occupied_thresh: 0.65
free_thresh: 0.196

